set CHAIRS := 1001 1428 1464 1589 1917 2491 3030 3033 3043 3044 3047 3048 3050 3053 3059 3063 3064 3065 3069 3070 3072 3073 3074 3075 3076 3078 3079 3080 3081 3082 3083 3084 3086 3089 3091 3092 3095 3096 3098 3100 3102 3104 3109 3110 3111 3112 3113 3114 3115 3116 3117 3120 3121 3122 3123 3128 3131 3132 3138 3139 3140 3143 3145 3146 3149 3150 3152 3155 3157 3159 3160 3161 3162 3166 3168 3170 3171 3172 3173 3174 3177 3183 3189 3190 3191 3192 3193 3194 3198 3200 3203 3204 3208 3211 3212 3213 3214 3217 3228 3232 3238 3264 3265 3266 3267 3269 3273 3284 3285 3287 3288 3330 3350 3353 3460 3493 3525 3526 3527 3568 3605 4013 4044 4045 4505 4583 4812 6165 6279 6284 6436 9366 ;

set SESSIONS := s100 s101 s102 s103 s104 s105 s106 s107 s108 s109 s110 s111 s113 s114 s115 s116 s117 s118 s119 s120 s121 s122 s123 s124 s125 s126 s127 s128 s129 s130 s131 s132 s133 s134 s135 s136 s137 s138 s139 s140 s141 s142 s143 s144 s145 s146 s147 s148 s149 s150 s151 s152 s153 s154 s155 s156 s157 s158 s159 s160 s161 s162 s163 s164 s165 s166 s167 s168 s169 s170 s171 s172 s173 s174 s175 s176 s177 s178 s179 s180 s181 s182 s183 s184 s185 s186 s187 s188 s189 s190 s191 s192 s194 s195 s196 s197 s199 s201 s202 s203 s204 s205 s206 s207 s208 s209 s210 s211 s212 s213 s214 s-float-1 s-float-2 s-float-4 s-float-9 ;

param fit: 
1001 1428 1464 1589 1917 2491 3030 3033 3043 3044 3047 3048 3050 3053 3059 3063 3064 3065 3069 3070 3072 3073 3074 3075 3076 3078 3079 3080 3081 3082 3083 3084 3086 3089 3091 3092 3095 3096 3098 3100 3102 3104 3109 3110 3111 3112 3113 3114 3115 3116 3117 3120 3121 3122 3123 3128 3131 3132 3138 3139 3140 3143 3145 3146 3149 3150 3152 3155 3157 3159 3160 3161 3162 3166 3168 3170 3171 3172 3173 3174 3177 3183 3189 3190 3191 3192 3193 3194 3198 3200 3203 3204 3208 3211 3212 3213 3214 3217 3228 3232 3238 3264 3265 3266 3267 3269 3273 3284 3285 3287 3288 3330 3350 3353 3460 3493 3525 3526 3527 3568 3605 4013 4044 4045 4505 4583 4812 6165 6279 6284 6436 9366 :=
s100 36 0 0 117 0 0 0 45 42 44 0 0 0 0 0 0 0 0 0 0 0 0 0 0 0 0 0 0 0 0 66 0 0 0 0 0 0 0 0 0 0 0 0 0 234 143 304 76 0 75 80 147 96 183 39 0 0 238 0 232 251 0 0 0 0 0 26 80 75 0 0 118 324 103 74 196 32 0 0 0 0 64 0 0 0 18 0 0 0 0 0 0 0 0 0 0 0 0 0 40 246 0 0 0 0 0 0 91 37 0 0 0 0 0 0 0 0 0 122 0 0 151 56 70 0 0 0 167 238 0 0 0 
s101 0 64 0 141 196 0 0 0 48 45 240 0 64 47 0 0 0 0 0 0 0 0 0 0 0 0 0 0 0 0 207 0 0 0 0 0 0 0 0 0 0 0 0 0 0 0 0 0 0 0 0 0 0 0 0 382 162 0 53 346 681 780 131 0 25 217 25 54 31 40 8 0 0 0 0 0 0 0 0 0 0 0 0 0 59 37 182 0 0 0 0 0 0 0 0 0 0 0 0 57 141 0 0 0 0 0 0 76 47 0 0 0 125 0 0 82 0 0 773 0 0 0 109 99 0 63 0 0 235 0 0 0 
s102 0 0 0 87 0 736 0 0 137 41 0 0 0 0 0 0 0 0 0 0 0 0 0 175 301 71 209 37 110 58 79 0 0 0 0 94 0 0 0 0 0 0 0 0 0 0 0 0 0 0 0 0 0 0 0 0 0 0 0 0 0 0 0 0 0 0 0 61 213 0 0 0 0 0 0 0 0 52 105 184 0 0 0 0 39 27 109 0 126 46 0 0 0 222 1156 203 822 0 0 72 0 816 308 207 64 120 418 0 43 0 274 0 0 0 0 0 0 0 355 0 163 0 0 0 0 0 0 0 0 694 0 0 
s103 0 0 26 94 0 0 0 0 80 56 0 0 0 0 0 0 0 0 0 0 0 0 0 284 0 76 245 44 269 291 40 152 178 125 37 57 229 0 0 79 0 0 0 0 0 0 0 0 0 0 0 0 0 0 0 0 0 0 0 0 0 0 0 707 0 0 0 59 110 0 0 0 0 0 0 0 0 33 58 834 84 0 0 12 32 110 91 0 98 28 37 35 0 567 259 89 427 324 0 92 0 376 152 184 55 63 60 0 33 0 213 0 0 0 258 0 71 47 196 133 119 0 0 0 19 0 0 0 0 344 352 31 
s104 0 0 0 201 0 0 0 0 77 46 0 0 0 0 54 36 20 181 94 236 225 233 166 0 0 0 0 0 0 0 46 0 0 0 0 0 0 0 617 0 79 115 426 146 0 0 0 0 0 0 0 0 0 0 0 0 0 0 0 0 0 0 0 756 0 0 0 136 65 0 0 0 0 0 0 0 0 0 0 0 0 0 131 0 54 30 107 32 0 0 60 39 86 0 0 0 0 295 0 111 0 0 0 0 0 0 0 0 75 0 0 34 0 82 175 0 78 34 223 0 0 0 0 0 14 0 258 0 0 0 0 26 
s105 0 0 0 129 0 483 0 0 126 61 0 0 0 0 0 0 0 0 0 0 0 0 0 0 217 98 207 35 185 49 63 222 0 283 30 78 79 386 0 116 0 0 0 0 0 0 0 0 0 0 0 0 0 0 0 0 0 274 0 300 385 0 0 0 0 0 50 58 49 0 0 0 0 0 0 0 0 42 58 146 85 0 0 0 0 33 0 0 70 39 0 0 0 0 0 0 0 0 0 59 265 0 0 0 0 0 0 108 57 0 0 0 0 0 0 0 0 0 278 97 0 0 135 222 0 0 0 0 292 0 0 0 
s106 0 0 0 151 279 0 0 0 52 155 0 0 0 0 146 29 16 238 145 0 179 378 146 0 0 0 0 0 0 0 86 0 0 0 0 0 0 0 533 0 160 226 210 234 0 0 0 0 0 0 0 0 0 0 0 0 0 217 0 347 337 0 0 0 0 0 19 91 21 0 0 0 0 0 0 0 0 0 0 0 0 0 69 0 37 43 214 61 0 0 0 0 0 0 0 0 0 0 0 76 147 0 0 0 0 0 0 81 39 0 0 41 0 0 0 0 0 0 138 0 0 0 299 158 0 0 306 0 186 0 0 0 
s107 12 0 0 87 0 563 87 55 39 31 0 0 0 0 0 0 0 0 0 0 0 0 0 80 204 40 219 50 99 38 74 0 0 0 0 102 0 0 0 0 149 173 512 134 288 152 382 123 99 32 191 149 39 114 82 0 0 0 0 0 0 0 0 0 0 0 0 43 58 0 0 0 0 0 0 0 0 95 87 97 182 0 97 0 23 52 111 12 55 59 0 0 0 0 0 0 0 0 0 64 0 0 0 0 0 0 0 0 59 0 0 0 0 50 0 0 0 0 244 145 0 0 0 0 0 0 201 0 0 0 0 0 
s108 0 126 0 639 0 0 0 0 38 149 261 238 47 0 120 38 115 271 56 0 147 0 0 0 0 0 0 0 0 0 108 0 0 0 0 0 0 0 566 0 0 0 0 0 0 0 0 0 0 0 0 0 0 0 0 0 0 0 0 0 0 0 0 0 0 0 0 460 55 49 34 0 0 0 0 0 0 0 0 0 0 0 0 0 0 91 0 0 0 0 0 0 0 0 0 0 0 0 0 96 0 0 0 0 0 0 0 0 43 0 0 79 0 0 0 166 0 0 221 0 0 0 0 0 0 0 0 0 0 0 0 0 
s109 0 65 17 83 0 0 0 0 68 43 793 299 0 128 0 0 0 0 0 0 0 0 0 0 0 0 0 0 0 0 70 663 273 175 37 0 150 527 0 105 0 0 0 0 0 0 0 0 0 0 0 0 0 0 0 0 0 0 0 0 0 0 0 0 0 0 0 48 247 36 11 0 0 0 0 0 0 0 0 0 0 0 0 0 26 33 134 0 0 0 0 0 0 151 0 0 511 0 962 57 0 1502 290 137 104 75 119 0 48 0 124 0 0 0 0 0 0 0 391 0 95 0 0 0 0 0 0 0 0 0 182 0 
s110 0 0 0 68 0 0 0 0 50 27 0 0 0 0 0 0 0 0 0 0 0 0 0 98 126 63 196 33 94 47 107 0 0 0 0 48 0 0 0 0 0 0 0 0 0 0 0 0 0 0 0 0 0 0 0 0 0 0 0 0 0 0 0 0 0 0 0 27 103 0 0 0 0 0 0 0 0 30 50 191 0 0 0 0 17 19 75 0 93 18 0 0 0 158 0 83 524 0 0 49 0 410 113 157 38 90 126 0 20 0 160 0 0 0 0 0 0 0 168 92 76 0 0 0 0 0 0 0 0 300 0 0 
s111 25 0 0 155 0 374 0 21 60 44 0 0 0 0 0 0 0 0 0 0 0 0 0 286 186 41 210 46 147 31 101 0 0 0 0 62 0 0 0 0 0 0 0 0 268 206 244 94 66 120 107 90 84 101 29 0 0 0 0 0 0 0 0 0 0 0 0 75 40 0 0 0 0 0 0 0 0 54 71 68 134 0 0 0 49 28 170 0 0 28 0 0 0 0 0 0 0 0 0 71 0 0 0 0 0 0 0 0 23 0 0 0 0 0 0 0 0 0 506 105 0 0 0 0 0 0 0 0 0 0 0 0 
s113 0 0 0 79 0 0 0 0 33 35 0 0 0 0 0 0 0 0 0 0 0 0 0 0 0 0 0 0 0 0 51 0 0 0 0 0 0 0 0 0 0 0 0 0 0 0 0 0 0 0 0 0 0 0 0 0 0 0 0 0 0 0 0 0 0 0 0 57 118 0 0 0 0 0 0 0 0 0 0 0 0 0 0 0 20 29 71 0 0 0 0 0 0 158 1329 134 741 0 0 73 0 925 298 221 107 104 0 0 19 0 190 0 0 0 0 0 0 0 195 0 86 0 0 0 0 0 0 0 0 488 0 0 
s114 0 0 9 104 232 0 0 0 56 27 0 0 0 0 0 0 0 0 0 0 0 0 0 0 0 0 0 0 0 0 39 177 248 257 21 0 80 207 0 98 0 0 0 0 0 0 0 0 0 0 0 0 0 0 0 0 0 201 0 250 239 0 0 519 0 0 19 72 58 0 0 0 0 0 0 0 0 0 0 0 0 0 0 1 17 47 94 0 0 0 20 79 39 0 0 0 0 203 0 56 0 0 0 0 0 0 0 163 34 70 0 0 0 0 223 0 185 44 167 0 0 0 63 49 20 0 0 0 164 0 163 25 
s115 0 0 0 79 0 0 0 0 53 48 0 0 0 0 0 0 0 0 0 0 0 0 0 0 0 0 0 0 0 0 50 0 0 0 0 0 0 0 0 0 0 0 0 0 0 0 0 0 0 0 0 0 0 0 0 0 0 0 0 0 0 0 0 606 0 0 0 46 138 0 0 1818 236 0 52 208 34 0 0 0 0 60 0 6 36 50 115 0 0 0 26 54 0 190 749 234 373 234 658 57 0 756 174 131 68 120 71 0 48 0 116 0 0 0 194 0 151 37 230 0 76 104 0 0 16 0 0 192 0 450 0 29 
s116 0 0 0 49 0 0 0 0 29 20 0 0 0 0 0 0 0 0 0 0 0 0 0 0 0 0 0 0 0 0 97 0 0 0 0 0 0 0 0 0 0 0 0 0 0 0 0 0 0 0 0 0 0 0 0 0 0 0 0 0 0 0 0 0 0 0 0 27 81 0 0 0 0 0 0 0 0 0 0 0 0 0 0 0 17 25 71 0 0 0 0 0 0 134 542 91 543 0 480 54 0 314 97 94 204 62 286 0 12 0 128 0 0 0 0 0 0 0 410 0 41 0 0 0 0 0 0 0 0 307 0 0 
s117 0 0 0 103 0 0 0 0 52 57 0 0 0 0 74 50 23 197 42 0 192 285 58 0 0 0 0 0 0 0 38 0 0 0 0 0 0 0 718 0 0 0 0 0 0 0 0 0 0 0 0 0 0 0 0 0 0 0 0 0 0 0 0 574 0 0 0 54 53 0 0 0 0 0 0 0 0 0 0 0 0 0 0 1 0 26 0 0 0 0 40 46 0 56 264 58 320 256 0 70 0 447 64 101 52 85 73 0 29 0 126 23 0 0 221 0 77 51 134 0 41 0 0 0 17 0 0 0 0 168 0 37 
s118 34 0 0 171 0 0 83 67 87 92 0 0 0 0 0 0 0 0 0 0 0 0 0 0 0 0 0 0 0 0 87 0 0 0 0 0 0 0 0 0 203 238 401 128 368 243 272 127 133 54 146 128 103 172 57 414 194 0 121 0 0 123 171 852 57 285 0 114 65 0 0 0 0 0 0 0 0 0 0 0 0 0 173 10 63 51 173 40 0 0 42 39 0 0 0 0 0 406 0 76 0 0 0 0 0 0 0 0 101 0 0 0 121 64 280 0 111 102 210 0 0 0 0 0 13 119 210 0 0 0 0 32 
s119 15 0 0 63 0 0 114 35 49 45 0 0 0 0 0 0 0 0 0 0 0 0 0 0 0 0 0 0 0 0 43 0 0 0 0 0 0 0 0 0 145 165 521 56 179 196 162 83 63 10 0 114 38 207 41 0 0 0 0 0 0 0 0 0 0 0 0 29 82 0 0 0 0 0 0 0 0 0 0 0 0 0 69 0 29 26 82 20 0 0 0 0 0 218 731 97 320 0 541 32 0 533 326 171 42 66 174 0 25 0 195 0 0 0 0 0 0 0 214 0 116 0 0 0 0 0 123 0 0 510 0 0 
s120 32 0 0 175 0 0 57 62 43 122 0 0 0 0 0 0 0 0 0 0 0 0 0 0 0 0 0 0 0 0 73 0 0 0 0 0 0 0 0 0 180 196 202 144 97 71 137 117 0 57 76 127 94 146 48 0 0 0 0 0 0 0 0 0 0 0 0 59 24 0 0 110 0 204 64 336 91 0 0 0 0 91 91 0 57 58 169 37 0 0 0 0 0 0 0 0 0 0 0 90 0 0 0 0 0 0 0 0 47 0 0 0 0 29 0 0 0 0 172 0 0 120 0 0 0 0 187 156 0 0 0 0 
s121 0 0 0 125 395 0 0 0 39 53 0 0 0 0 79 73 37 355 17 97 243 0 86 0 0 0 0 0 0 0 59 0 0 0 0 0 0 0 533 0 0 0 0 0 0 0 0 0 0 0 0 0 0 0 0 418 177 215 81 403 358 113 0 0 35 283 38 71 23 0 0 0 0 0 0 0 0 0 0 0 0 0 0 0 63 55 166 0 0 0 0 0 0 0 0 0 0 0 0 156 154 0 0 0 0 0 0 103 47 91 0 44 205 0 0 0 0 0 195 0 0 0 132 209 0 0 0 0 223 0 0 0 
s122 0 0 0 70 0 812 0 0 83 67 0 0 0 0 72 17 48 124 21 97 161 291 66 205 269 65 177 41 347 47 115 0 0 0 0 103 0 0 1401 0 0 0 0 0 0 0 0 0 0 0 0 0 0 0 0 0 0 0 0 0 0 0 0 0 0 0 0 37 84 0 0 0 0 0 0 0 0 76 67 236 0 0 0 0 45 26 111 0 118 29 0 0 0 397 764 213 738 0 0 88 0 563 0 169 79 126 264 0 34 0 235 15 0 0 0 0 0 0 335 0 127 0 0 0 0 0 0 0 0 0 0 0 
s123 0 87 0 264 0 0 0 0 29 137 189 211 114 72 108 34 20 588 112 357 258 0 323 0 0 0 0 0 0 0 77 0 0 0 0 0 0 0 477 0 0 0 0 0 0 0 0 0 0 0 0 0 0 0 0 0 0 0 0 0 0 0 0 0 0 0 0 198 38 34 17 71 0 124 51 606 81 0 0 0 0 84 0 0 69 30 162 0 0 0 0 0 0 0 0 0 0 0 0 124 0 0 0 0 0 0 0 0 35 0 0 58 0 0 0 179 0 0 170 0 0 118 0 0 0 0 0 137 0 0 0 0 
s124 0 0 0 165 410 0 0 0 33 86 0 0 0 0 0 0 0 0 0 0 0 0 0 0 0 0 0 0 0 0 78 0 0 0 0 0 0 0 0 0 0 0 0 0 0 0 0 0 0 0 0 0 0 0 0 377 183 249 112 0 496 75 249 0 22 298 63 60 76 0 0 0 0 0 0 0 0 0 0 0 0 0 0 0 106 99 157 0 0 0 0 0 0 153 216 42 220 0 295 157 200 283 245 171 47 138 33 130 55 135 186 0 439 0 0 0 0 0 303 0 69 0 214 0 0 225 0 0 282 325 0 0 
s125 0 0 0 129 0 579 0 0 76 76 0 0 0 0 0 0 0 0 0 0 0 0 0 193 251 65 275 60 0 70 90 0 0 0 0 47 0 0 0 0 0 0 0 0 0 0 0 0 0 0 0 0 0 0 0 0 0 0 0 0 0 0 0 0 0 0 0 88 65 0 0 0 0 0 0 0 0 41 98 141 129 0 0 0 38 25 74 0 68 41 0 0 0 267 381 83 0 0 660 102 0 361 139 178 74 99 116 0 25 0 156 0 0 0 0 0 0 0 257 0 102 0 0 0 0 0 0 0 0 375 0 0 
s126 0 78 0 167 0 0 0 0 70 46 232 318 54 0 0 0 0 0 0 0 0 0 0 0 0 0 0 0 0 0 24 0 0 0 0 0 0 0 0 0 164 147 196 84 0 0 0 0 0 0 0 0 0 0 0 0 0 0 0 0 0 0 0 0 0 0 0 77 27 41 18 0 0 0 0 0 0 0 0 0 0 0 93 0 0 84 0 15 0 0 0 0 0 0 0 0 0 0 0 60 0 0 0 0 0 0 0 0 69 0 0 0 0 0 0 83 0 0 171 0 0 0 0 0 0 0 127 0 0 0 0 0 
s127 0 0 20 183 289 0 0 0 50 62 0 0 0 0 85 43 21 981 61 248 161 445 142 0 0 0 0 0 0 0 70 177 0 296 36 0 76 156 877 176 0 0 0 0 0 0 0 0 0 0 0 0 0 0 0 0 0 311 0 445 344 0 0 0 0 0 33 126 46 0 0 0 0 0 0 0 0 0 0 0 0 0 0 0 90 68 193 0 0 0 0 0 0 0 0 0 0 0 0 98 192 0 0 0 0 0 0 92 45 550 0 63 0 0 0 0 0 0 144 0 0 0 125 74 0 0 0 0 245 0 188 0 
s128 0 0 0 189 0 0 0 0 0 32 0 0 0 0 0 0 0 0 0 0 0 0 0 0 0 0 0 0 0 0 68 0 0 0 0 0 0 0 0 0 0 0 0 0 0 0 0 0 0 0 0 0 0 0 0 0 0 0 0 0 0 0 0 0 0 0 0 105 42 0 0 0 0 0 0 0 0 0 0 0 0 0 0 0 50 18 166 0 0 0 0 0 0 0 0 0 0 0 0 97 0 0 0 0 0 0 0 0 0 0 0 0 0 0 0 0 0 0 0 0 0 0 0 0 0 0 0 0 0 0 0 0 
s129 0 0 25 59 0 368 0 0 48 27 0 0 0 0 0 0 0 0 0 0 0 0 0 151 129 53 264 26 64 49 37 0 182 134 82 24 125 203 0 80 0 0 0 0 0 0 0 0 0 0 0 0 0 0 0 0 0 0 0 0 0 0 0 0 0 0 0 29 59 0 0 0 0 0 0 0 0 51 59 83 0 0 0 0 24 8 83 0 97 17 0 0 0 143 246 52 357 0 0 38 0 265 125 185 47 88 136 0 28 0 95 0 0 0 0 0 0 0 252 97 78 0 0 0 0 0 0 0 0 203 127 0 
s130 20 0 0 123 0 443 0 35 81 61 0 0 0 0 0 0 0 0 0 0 0 0 0 120 150 76 192 39 78 40 42 0 0 0 0 46 0 0 0 0 0 0 0 0 134 191 213 138 0 28 209 88 97 230 80 0 153 0 191 0 0 56 93 761 66 154 0 68 89 0 0 0 0 0 0 0 0 33 84 97 97 0 0 0 0 31 0 0 84 58 45 28 0 0 0 0 0 237 0 69 0 0 0 0 0 0 0 0 40 0 0 0 93 0 166 0 65 30 423 99 0 0 0 0 27 78 0 0 0 0 0 51 
s131 0 68 0 105 0 0 0 0 96 51 289 402 188 52 0 0 0 0 0 0 0 0 0 0 0 0 0 0 0 0 45 0 0 0 0 0 0 0 0 0 0 0 0 0 0 0 0 0 0 0 0 0 0 0 0 0 0 0 0 0 0 0 0 526 0 0 0 63 35 196 22 0 0 0 0 0 0 0 0 0 0 0 0 3 21 33 89 0 0 0 43 22 0 0 0 0 0 246 0 51 0 0 0 0 0 0 0 0 30 0 0 0 0 0 198 118 181 45 158 0 0 0 0 0 11 0 0 0 0 0 0 25 
s132 0 0 0 110 172 391 0 0 80 19 0 0 0 0 0 0 0 0 0 0 0 0 0 100 156 178 216 19 55 44 44 0 0 0 0 30 0 0 0 0 152 100 211 108 0 0 0 0 0 0 0 0 0 0 0 0 0 376 0 203 445 0 0 566 0 0 21 50 40 0 0 0 0 0 0 0 0 18 79 111 0 0 98 3 37 30 143 23 72 18 39 23 52 0 0 0 0 265 0 63 175 0 0 0 0 0 0 47 31 52 0 0 0 57 151 0 149 34 193 53 0 0 139 65 24 0 228 0 237 0 0 16 
s133 0 0 0 192 0 0 0 0 24 92 0 0 0 0 0 0 0 0 0 0 0 0 0 0 0 0 0 0 0 0 78 0 0 0 0 0 0 0 0 0 0 0 0 0 0 0 0 0 0 0 0 0 0 0 0 665 181 0 117 0 0 67 193 0 22 205 0 103 46 0 0 0 0 0 0 0 0 0 0 0 0 0 0 0 125 107 154 0 0 0 0 0 0 0 0 0 0 0 0 141 0 0 0 0 0 0 0 0 41 0 0 0 589 0 0 0 0 0 406 0 0 0 0 0 0 109 0 0 0 0 0 0 
s134 0 0 58 138 0 0 0 0 55 79 0 0 0 0 0 0 0 0 0 0 0 0 0 0 0 0 0 0 0 0 80 123 200 215 27 0 145 182 0 143 0 0 0 0 0 0 0 0 0 0 0 0 0 0 0 0 0 0 0 0 0 0 0 0 0 0 0 75 34 0 0 96 0 137 61 378 60 0 0 0 0 82 0 0 50 71 144 0 0 0 0 0 0 0 0 0 0 0 0 79 0 0 0 0 0 0 0 0 75 0 0 0 0 0 0 0 0 0 180 0 0 86 0 0 0 0 0 212 0 0 98 0 
s135 0 0 0 117 0 383 0 0 96 43 0 0 0 0 0 0 0 0 0 0 0 0 0 438 181 40 225 115 107 54 50 0 0 0 0 32 0 0 0 0 0 0 0 0 0 0 0 0 0 0 0 0 0 0 0 0 0 0 0 0 0 0 0 0 0 0 0 74 31 0 0 0 0 0 0 0 0 23 219 76 0 0 0 0 31 26 124 0 54 24 0 0 0 88 183 48 328 0 0 52 0 315 71 137 42 63 61 0 72 0 93 0 0 0 0 0 0 0 130 71 33 0 0 0 0 0 0 0 0 143 0 0 
s136 0 0 0 231 0 0 0 0 60 206 0 0 0 0 0 0 0 0 0 0 0 0 0 0 0 0 0 0 0 0 71 265 0 311 237 0 120 409 0 161 0 0 0 0 0 0 0 0 0 0 0 0 0 0 0 0 0 0 0 0 0 0 0 925 0 0 0 142 56 0 0 0 0 0 0 0 0 0 0 0 0 0 0 3 0 30 0 0 0 0 25 34 0 147 384 84 450 210 509 77 0 422 118 540 69 184 78 0 51 0 130 0 0 0 185 0 119 32 308 0 49 0 0 0 78 0 0 0 0 260 0 11 
s137 0 0 0 142 0 0 0 0 55 117 0 0 0 0 0 0 0 0 0 0 0 0 0 0 0 0 0 0 0 0 75 0 0 0 0 0 0 0 0 0 0 0 0 0 0 0 0 0 0 0 0 0 0 0 0 392 0 277 76 0 0 101 241 0 34 0 11 69 24 0 0 0 0 0 0 0 0 0 0 0 0 0 0 0 145 87 149 0 0 0 0 0 0 0 0 0 0 0 0 146 119 0 0 0 0 0 0 136 54 92 0 0 170 0 0 0 0 0 202 0 0 0 126 235 0 107 0 0 216 0 0 0 
s138 0 0 0 376 0 0 0 0 56 93 0 0 0 0 0 0 0 0 0 0 0 0 0 0 0 0 0 0 0 0 101 0 0 0 0 0 0 0 0 0 0 0 0 0 0 0 0 0 0 0 0 0 0 0 0 581 205 0 159 0 0 167 156 890 91 202 0 160 89 0 0 0 0 0 0 0 0 0 0 0 0 0 0 0 108 105 0 0 0 0 31 68 0 0 0 0 0 426 0 184 0 0 0 0 0 0 0 0 47 0 0 0 183 0 266 0 173 114 240 0 0 0 0 0 15 148 0 0 0 0 0 65 
s139 15 0 0 83 0 827 135 40 41 40 0 0 0 0 0 0 0 0 0 0 0 0 0 152 201 54 265 27 108 93 88 0 0 0 0 128 0 0 0 0 0 0 0 0 177 289 915 93 78 56 137 79 85 147 46 0 0 0 0 0 0 0 0 508 0 0 0 40 276 0 0 0 0 0 0 0 0 20 54 280 0 0 0 4 16 12 136 0 229 27 29 186 0 0 0 0 0 211 0 70 0 0 0 0 0 0 0 0 17 0 0 0 0 0 158 0 132 15 414 112 0 0 0 0 24 0 0 0 0 0 0 7 
s140 0 0 0 140 263 0 0 0 97 63 0 0 0 0 0 0 0 0 0 0 0 0 0 0 0 0 0 0 0 0 100 0 0 0 0 0 0 0 0 0 0 0 0 0 0 0 0 0 0 0 0 0 0 0 0 0 0 344 0 402 348 0 0 898 0 0 22 77 64 0 0 0 0 0 0 0 0 0 0 0 0 0 0 3 67 34 187 0 0 0 51 28 0 97 230 61 273 0 473 162 279 233 73 184 38 145 34 103 54 84 414 0 0 0 282 0 134 64 230 0 46 0 134 82 26 0 0 0 349 182 0 25 
s141 0 0 0 145 0 0 0 0 50 47 0 0 0 0 61 16 15 210 36 108 167 270 54 0 0 0 0 0 0 0 71 0 0 0 0 0 0 0 602 0 0 0 0 0 0 0 0 0 0 0 0 0 0 0 0 0 0 0 0 0 0 0 0 0 0 0 0 96 33 0 0 0 0 0 0 0 0 0 0 0 0 0 0 0 26 34 197 0 0 0 0 0 0 0 0 0 0 0 0 63 0 0 0 0 0 0 0 0 45 0 0 19 0 0 0 0 0 0 94 0 0 0 0 0 0 0 0 0 0 0 0 0 
s142 0 75 0 174 0 0 0 0 33 46 346 395 62 150 0 0 0 0 0 0 0 0 0 0 0 0 0 0 0 0 89 0 0 0 0 0 0 0 0 0 0 0 0 0 0 0 0 0 0 0 0 0 0 0 0 325 127 0 89 0 0 65 152 0 36 187 0 109 38 40 10 0 0 0 0 0 0 0 0 0 0 0 0 0 42 16 167 0 0 0 0 0 0 340 283 146 398 0 451 64 0 411 350 605 64 79 60 0 22 0 143 0 70 0 0 64 0 0 232 0 129 0 0 0 0 109 0 0 0 628 0 0 
s143 0 77 25 319 0 0 0 0 110 80 302 0 74 77 0 0 0 0 0 0 0 0 0 0 0 0 0 0 0 0 67 132 269 274 17 0 135 385 0 191 0 0 0 0 0 0 0 0 0 0 0 0 0 0 0 0 0 0 0 0 0 0 0 0 0 0 0 136 63 44 27 0 0 0 0 0 0 0 0 0 0 0 0 0 121 116 247 0 0 0 0 0 0 0 0 0 0 0 0 101 0 0 0 0 0 0 0 0 64 0 0 0 0 0 0 88 0 0 323 0 0 0 0 0 0 0 0 0 0 0 191 0 
s144 0 0 0 132 274 453 0 0 36 83 0 0 0 0 0 0 0 0 0 0 0 0 0 130 117 33 226 30 50 55 49 0 0 0 0 77 0 0 0 0 0 0 0 0 0 0 0 0 0 0 0 0 0 0 0 300 133 211 84 358 301 58 168 0 39 175 108 66 45 0 0 0 0 0 0 0 0 32 35 111 54 0 0 0 45 47 127 0 90 27 0 0 0 232 139 36 262 0 307 114 106 138 244 124 57 142 26 115 42 71 0 0 233 0 0 0 0 0 240 73 86 0 63 331 0 146 0 0 245 423 0 0 
s145 26 0 0 86 0 0 54 19 54 59 0 0 0 0 73 41 34 211 14 0 170 286 75 0 0 0 0 0 0 0 35 141 0 247 40 0 110 241 742 134 0 0 0 0 256 187 348 88 84 12 113 143 87 122 71 0 0 0 0 0 0 0 0 0 0 0 0 50 45 0 0 0 0 0 0 0 0 0 0 0 0 0 0 0 38 13 127 0 0 0 0 0 0 0 0 0 0 0 0 53 0 0 0 0 0 0 0 0 40 0 0 22 0 0 0 0 0 0 183 0 0 0 0 0 0 0 0 0 0 0 159 0 
s146 0 0 0 96 166 626 0 0 65 55 0 0 0 0 0 0 0 0 0 0 0 0 0 286 204 48 0 29 97 0 87 0 0 0 0 15 0 0 0 0 0 0 0 0 0 0 0 0 0 0 0 0 0 0 0 0 0 360 0 352 279 0 0 0 0 0 30 75 35 0 0 0 0 0 0 0 0 27 45 167 0 0 0 0 37 53 91 0 85 107 0 0 0 199 258 57 203 0 353 43 156 227 125 0 62 162 48 113 37 47 147 0 0 0 0 0 0 0 183 84 64 0 97 117 0 0 0 0 252 196 0 0 
s147 36 0 0 211 0 0 148 60 113 94 0 0 0 0 0 0 0 0 0 0 0 0 0 0 0 0 0 0 0 0 189 0 0 0 0 0 0 0 0 0 0 0 0 0 145 167 225 153 141 86 223 115 206 404 100 0 159 0 120 0 0 121 456 1269 98 192 0 168 39 0 0 0 0 0 0 0 0 0 0 0 0 0 0 1 58 32 172 0 0 0 73 69 0 0 0 0 0 707 0 62 0 0 0 0 0 0 0 0 30 0 0 0 121 0 411 0 66 90 185 0 0 0 0 0 22 213 0 0 0 0 0 36 
s148 0 0 55 107 0 0 0 0 36 24 0 0 0 0 0 0 0 0 0 0 0 0 0 0 0 0 0 0 0 0 61 187 226 192 68 0 275 226 0 142 134 102 0 123 0 0 0 0 0 0 0 0 0 0 0 0 0 0 0 0 0 0 0 0 0 0 0 32 65 0 0 0 0 0 0 0 0 0 0 0 0 0 78 0 11 51 172 22 0 0 0 0 0 0 0 0 0 0 0 46 0 0 0 0 0 0 0 0 27 0 0 0 0 116 0 0 0 0 241 0 0 0 0 0 0 0 103 0 0 0 146 0 
s149 0 0 0 117 0 0 0 0 93 42 0 0 0 0 0 0 0 0 0 0 0 0 0 0 0 0 0 0 0 0 79 157 121 165 43 0 0 412 0 103 0 0 0 0 0 0 0 0 0 0 0 0 0 0 0 0 0 0 0 0 0 0 0 0 0 0 0 77 143 0 0 0 0 0 0 0 0 0 0 0 0 0 0 0 24 32 133 0 0 0 0 0 0 176 429 126 750 0 0 46 0 414 119 168 150 92 250 0 50 0 301 0 0 0 0 0 0 0 245 0 95 0 0 0 0 0 0 0 0 318 394 0 
s150 24 108 0 129 0 0 0 23 26 75 0 129 74 0 0 0 0 0 0 0 0 0 0 0 0 0 0 0 0 0 59 0 0 0 0 0 0 0 0 0 0 0 0 0 185 86 155 141 0 47 96 97 36 136 21 0 0 189 0 515 301 0 0 0 0 0 17 49 29 19 24 0 0 0 0 0 0 0 0 0 0 0 0 0 0 118 0 0 0 0 0 0 0 0 0 0 0 0 0 170 123 0 0 0 0 0 0 76 36 0 0 0 0 0 0 92 0 0 256 0 0 0 154 258 0 0 0 0 159 0 0 0 
s151 0 80 0 406 0 250 0 0 53 45 242 0 74 69 0 0 0 0 0 0 0 0 0 198 136 34 146 25 56 32 50 0 0 0 0 13 0 0 0 0 0 0 0 0 0 0 0 0 0 0 0 0 0 0 0 0 0 0 0 0 0 0 0 0 0 0 0 354 51 31 14 0 0 0 0 0 0 18 40 60 127 0 0 0 25 14 134 0 216 25 0 0 0 0 0 0 0 0 0 42 0 0 0 0 0 0 0 0 38 0 0 0 0 0 0 97 0 0 225 46 0 0 0 0 0 0 0 0 0 0 0 0 
s152 0 126 21 174 0 334 0 0 26 55 279 337 66 48 0 0 0 0 0 0 0 0 0 128 150 33 342 28 75 65 33 172 195 162 61 16 52 201 0 74 0 0 0 0 0 0 0 0 0 0 0 0 0 0 0 271 83 0 67 0 0 62 69 0 49 110 0 81 19 53 17 0 0 0 0 0 0 17 62 98 57 0 0 0 28 28 151 0 113 23 0 0 0 0 0 0 0 0 0 56 0 0 0 0 0 0 0 0 32 0 0 0 69 0 0 73 0 0 151 56 0 0 0 0 0 49 0 0 0 0 67 0 
s153 0 0 0 209 0 0 0 0 63 111 0 0 0 0 66 21 31 251 33 197 0 259 135 0 0 0 0 0 0 0 38 0 0 0 0 0 0 0 541 0 0 0 0 0 0 0 0 0 0 0 0 0 0 0 0 0 0 0 0 0 0 0 0 0 0 0 0 142 26 0 0 0 0 0 0 0 0 0 0 0 0 0 0 0 60 30 137 0 0 0 0 0 0 0 0 0 0 0 0 60 0 0 0 0 0 0 0 0 39 0 0 31 0 0 0 0 0 0 131 0 0 0 0 0 0 0 0 0 0 0 0 0 
s154 0 0 0 89 0 0 0 0 51 39 0 0 0 0 0 0 0 0 0 0 0 0 0 153 232 138 207 21 89 54 37 412 0 300 31 141 180 355 0 166 0 0 0 0 0 0 0 0 0 0 0 0 0 0 0 0 0 0 0 0 0 0 0 0 0 0 0 50 61 0 0 0 0 0 0 0 0 42 60 142 77 0 0 0 0 21 0 0 135 35 0 0 0 248 654 118 644 0 0 47 0 403 397 141 35 128 137 0 21 0 226 0 0 0 0 0 0 0 312 278 118 0 0 0 0 0 0 0 0 609 0 0 
s155 28 0 0 101 0 414 0 15 64 58 0 0 0 0 0 0 0 0 0 0 0 0 0 193 183 91 395 28 203 51 65 0 0 0 0 56 0 0 0 0 158 113 333 93 290 230 262 108 0 53 169 85 103 163 75 0 100 0 119 0 0 62 116 0 63 115 0 70 50 0 0 0 0 0 0 0 0 72 70 95 430 0 85 0 0 35 0 33 58 69 0 0 0 0 0 0 0 0 0 59 0 0 0 0 0 0 0 0 39 0 0 0 70 0 0 0 0 0 257 135 0 0 0 0 0 84 137 0 0 0 0 0 
s156 0 0 0 121 0 0 0 0 56 59 0 0 0 0 0 0 0 0 0 0 0 0 0 0 0 0 0 0 0 0 56 0 0 0 0 0 0 0 0 0 0 0 0 0 0 0 0 0 0 0 0 0 0 0 0 0 0 0 0 0 0 0 0 0 0 0 0 60 40 0 0 79 0 105 52 351 375 0 0 0 0 191 0 0 39 51 144 0 0 0 0 0 0 0 0 0 0 0 0 51 0 0 0 0 0 0 0 0 25 0 0 0 0 0 0 0 0 0 198 0 0 61 0 0 0 0 0 126 0 0 0 0 
s157 0 0 27 144 0 0 0 0 83 66 0 0 0 0 0 0 0 0 0 0 0 0 0 0 0 0 0 0 0 0 100 250 115 240 29 0 198 219 0 167 151 146 327 113 0 0 0 0 0 0 0 0 0 0 0 0 0 0 0 0 0 0 0 0 0 0 0 88 51 0 0 261 117 119 48 245 56 0 0 0 0 70 71 0 43 50 111 22 0 0 0 0 0 0 0 0 0 0 0 67 0 0 0 0 0 0 0 0 30 0 0 0 0 0 0 0 0 0 176 0 0 393 0 0 0 0 168 152 0 0 192 0 
s158 0 0 0 118 0 0 0 0 20 148 0 0 0 0 88 26 32 323 168 0 133 306 188 0 0 0 0 0 0 0 62 0 0 0 0 0 0 0 489 0 0 0 0 0 0 0 0 0 0 0 0 0 0 0 0 0 0 0 0 0 0 0 0 0 0 0 0 83 25 0 0 0 0 0 0 0 0 0 0 0 0 0 0 0 28 28 122 0 0 0 0 0 0 0 0 0 0 0 0 65 0 0 0 0 0 0 0 0 24 0 0 21 0 0 0 0 0 0 137 0 0 0 0 0 0 0 0 0 0 0 0 0 
s159 0 0 34 171 220 0 0 0 72 76 0 0 0 0 119 18 37 276 26 0 396 430 148 0 0 0 0 0 0 0 66 407 217 338 78 0 148 539 886 147 163 101 372 136 0 0 0 0 0 0 0 0 0 0 0 0 0 203 0 265 252 0 0 0 0 0 29 118 43 0 0 0 0 0 0 0 0 0 0 0 0 0 123 0 46 19 116 30 0 0 0 0 0 0 0 0 0 0 0 87 189 0 0 0 0 0 0 142 19 0 0 15 0 0 0 0 0 0 221 0 0 0 167 81 0 0 147 0 0 0 295 0 
s160 0 0 0 62 0 660 0 0 103 23 0 0 0 0 0 0 0 0 0 0 0 0 0 170 176 75 282 31 283 54 115 407 0 169 29 51 88 317 0 91 0 0 0 0 0 0 0 0 0 0 0 0 0 0 0 0 0 0 0 0 0 0 0 0 0 0 0 38 109 0 0 0 0 0 0 0 0 69 114 248 180 0 0 0 0 23 0 0 62 21 0 0 0 268 247 91 771 0 682 66 0 292 148 144 40 105 64 0 40 0 161 0 0 0 0 0 0 0 199 240 71 0 0 0 0 0 0 0 0 485 0 0 
s161 28 0 0 146 0 0 77 27 16 55 0 0 0 0 50 25 12 233 24 0 243 400 109 0 0 0 0 0 0 0 77 0 0 0 0 0 0 0 752 0 0 0 0 0 160 122 190 95 74 21 89 104 48 94 61 0 0 0 0 0 0 0 0 0 0 0 0 85 26 0 0 0 0 0 0 0 0 0 0 0 0 0 0 0 54 40 126 0 0 0 0 0 0 0 0 0 0 0 0 105 0 0 0 0 0 0 0 0 38 0 0 18 0 0 0 0 0 0 132 0 0 0 0 0 0 0 0 0 0 0 0 0 
s162 19 0 0 125 0 0 162 40 30 62 0 0 0 0 0 0 0 0 0 0 0 0 0 0 0 0 0 0 0 0 97 0 0 0 0 0 0 0 0 0 246 136 485 71 171 182 155 135 114 38 93 119 88 131 41 0 146 0 108 0 0 936 141 725 39 252 0 58 47 0 0 0 0 0 0 0 0 0 0 0 0 0 117 2 31 52 190 31 0 0 56 47 0 0 0 0 0 352 0 102 0 0 0 0 0 0 0 0 29 0 0 0 154 77 186 0 265 48 472 0 0 0 0 0 29 103 114 0 0 0 0 58 
s163 42 0 0 122 291 0 62 31 52 40 0 0 0 0 0 0 0 0 0 0 0 0 0 0 0 0 0 0 0 0 46 0 0 0 0 0 0 0 0 0 0 0 0 0 165 88 147 113 69 23 63 92 58 150 23 271 144 221 65 387 259 84 147 0 38 206 19 67 36 0 0 0 0 0 0 0 0 0 0 0 0 0 0 0 26 92 113 0 0 0 0 0 0 0 0 0 0 0 0 78 163 0 0 0 0 0 0 81 72 58 0 0 241 0 0 0 0 0 164 0 0 0 89 139 0 85 0 0 173 0 0 0 
s164 0 0 0 377 0 0 0 0 25 172 0 0 0 0 78 75 33 1557 38 254 495 447 412 0 0 0 0 0 0 0 55 0 0 0 0 0 0 0 515 0 142 187 326 147 0 0 0 0 0 0 0 0 0 0 0 0 0 0 0 0 0 0 0 0 0 0 0 314 15 0 0 0 0 0 0 0 0 0 0 0 0 0 106 0 104 83 127 99 0 0 0 0 0 0 0 0 0 0 0 105 0 0 0 0 0 0 0 0 23 0 0 72 0 23 0 0 0 0 187 0 0 0 0 0 0 0 182 0 0 0 0 0 
s165 42 0 0 152 0 0 58 57 60 123 0 0 0 0 127 27 28 298 0 385 232 367 156 0 0 0 0 0 0 0 86 0 0 0 0 0 0 0 673 0 0 0 0 0 166 137 246 396 0 78 91 175 60 125 0 0 0 0 0 0 0 0 0 760 0 0 0 68 47 0 0 0 0 299 50 339 76 0 0 0 0 98 0 2 66 57 166 0 0 0 52 31 78 0 0 0 0 418 0 65 0 0 0 0 0 0 0 0 42 0 0 30 0 0 342 0 95 34 170 0 0 510 0 0 18 0 0 216 0 0 0 22 
s166 0 101 0 139 0 445 0 0 78 64 316 0 81 120 0 0 0 0 0 0 0 0 0 152 261 97 308 49 182 57 69 0 0 0 0 31 0 0 0 0 0 0 0 0 0 0 0 0 0 0 0 0 0 0 0 0 0 0 0 0 0 0 0 750 0 0 0 85 65 77 19 0 0 0 0 0 0 29 50 109 0 0 0 5 41 33 158 0 81 67 49 35 73 0 0 0 0 434 0 71 0 0 0 0 0 0 0 0 43 0 0 0 0 0 354 105 123 27 292 92 0 0 0 0 11 0 0 0 0 0 0 23 
s167 0 0 0 81 0 580 0 0 69 71 0 0 0 0 0 0 0 0 0 0 0 0 0 198 0 168 263 26 165 25 42 0 0 0 0 194 0 0 0 0 0 0 0 0 0 0 0 0 0 0 0 0 0 0 0 341 140 0 225 0 0 313 82 0 68 122 0 39 75 0 0 0 0 0 0 0 0 119 68 135 0 0 0 0 44 53 111 0 92 26 0 0 0 310 270 77 516 0 0 73 0 298 301 177 36 78 132 0 28 0 101 0 96 0 0 0 0 0 242 276 150 0 0 0 0 119 0 0 0 493 0 0 
s168 65 0 0 256 0 0 84 97 33 195 0 0 0 0 177 36 24 271 135 0 221 292 182 0 0 0 0 0 0 0 60 0 0 0 0 0 0 0 701 0 132 153 365 196 149 179 188 185 149 55 65 138 93 129 98 0 0 0 0 0 0 0 0 0 0 0 0 187 37 0 0 0 0 0 0 0 0 0 0 0 0 0 139 0 66 28 294 67 0 0 0 0 0 0 0 0 0 0 0 60 0 0 0 0 0 0 0 0 38 0 0 51 0 0 0 0 0 0 155 0 0 0 0 0 0 0 151 0 0 0 0 0 
s169 0 0 0 111 0 461 0 0 77 62 0 0 0 0 0 0 0 0 0 0 0 0 0 120 107 65 258 60 302 36 64 114 0 257 41 42 141 242 0 146 0 0 0 0 0 0 0 0 0 0 0 0 0 0 0 0 0 0 0 0 0 0 0 0 0 0 0 44 45 0 0 0 0 0 0 0 0 19 89 91 0 0 0 0 0 44 0 0 133 17 0 0 0 0 0 0 0 0 0 50 0 0 0 0 0 0 0 0 53 0 0 0 0 0 0 0 0 0 231 49 0 0 0 0 0 0 0 0 0 0 0 0 
s170 0 0 0 60 0 0 0 0 44 26 0 0 0 0 0 0 0 0 0 0 0 0 0 0 0 0 0 0 0 0 55 0 0 0 0 0 0 0 0 0 0 0 0 0 0 0 0 0 0 0 0 0 0 0 0 0 0 0 0 0 0 0 0 0 0 0 0 43 419 0 0 0 0 0 0 0 0 0 0 0 0 0 0 0 19 12 104 0 0 0 0 0 0 93 678 185 499 0 0 50 0 0 148 154 108 87 246 0 19 0 86 0 0 0 0 0 0 0 127 0 57 0 0 0 0 0 0 0 0 386 0 0 
s171 0 0 0 608 275 0 0 0 40 110 0 0 0 0 72 29 24 224 35 145 241 339 229 0 0 0 0 0 0 0 99 0 0 0 0 0 0 0 482 0 0 0 0 0 0 0 0 0 0 0 0 0 0 0 0 0 0 266 0 262 358 0 0 0 0 0 7 438 14 0 0 85 0 81 99 290 78 0 0 0 0 163 0 0 124 87 210 0 0 0 0 0 0 0 0 0 0 0 0 78 158 0 0 0 0 0 0 100 45 46 0 34 0 0 0 0 0 0 149 0 0 100 132 101 0 0 0 199 239 0 0 0 
s172 0 0 0 157 0 0 0 0 14 89 0 0 0 0 64 26 19 212 40 173 0 280 126 0 0 0 0 0 0 0 49 0 0 0 0 0 0 0 483 0 121 116 214 126 0 0 0 0 0 0 0 0 0 0 0 0 0 0 0 0 0 0 0 0 0 0 0 116 36 0 0 0 0 0 0 0 0 0 0 0 0 0 0 0 61 41 81 45 0 0 0 0 0 0 0 0 0 0 0 65 0 0 0 0 0 0 0 0 33 0 0 42 0 25 0 0 0 0 117 0 0 0 0 0 0 0 88 0 0 0 0 0 
s173 19 0 0 114 0 0 0 42 70 40 0 0 0 0 0 0 0 0 0 0 0 0 0 0 0 0 0 0 0 0 74 0 0 0 0 0 0 0 0 0 175 146 0 134 276 170 0 77 0 30 122 222 47 136 33 0 0 0 0 0 0 0 0 0 0 0 0 47 35 0 0 0 0 0 0 0 0 0 0 0 0 0 111 0 0 67 0 35 0 0 0 0 0 0 0 0 0 0 0 71 0 0 0 0 0 0 0 0 34 0 0 0 0 0 0 0 0 0 268 0 0 0 0 0 0 0 137 0 0 0 0 0 
s174 36 0 0 140 0 0 192 37 59 134 0 0 0 0 0 0 0 0 0 0 0 0 0 0 0 0 0 0 0 0 103 0 0 0 0 0 0 0 0 0 0 0 0 0 252 200 314 202 143 66 162 110 140 223 72 567 209 0 199 0 0 193 197 938 0 277 0 74 42 0 0 0 0 0 0 0 0 0 0 0 0 0 0 4 68 57 184 0 0 0 110 50 0 0 0 0 0 457 0 95 0 0 0 0 0 0 0 0 52 0 0 0 182 0 331 0 135 93 401 0 0 0 0 0 27 239 0 0 0 0 0 47 
s175 0 70 0 156 294 0 0 0 65 43 399 313 101 138 0 0 0 0 0 0 0 0 0 0 0 0 0 0 0 0 103 0 0 0 0 0 0 0 0 0 0 0 0 0 0 0 0 0 0 0 0 0 0 0 0 365 120 264 159 257 337 99 174 826 54 243 40 87 53 40 7 0 0 0 0 0 0 0 0 0 0 0 0 2 37 35 125 0 0 0 63 20 0 0 0 0 0 386 0 63 182 0 0 0 0 0 0 108 52 78 0 0 142 0 258 94 67 50 540 0 0 0 131 106 41 89 0 0 301 0 0 39 
s176 12 0 0 104 0 0 55 44 41 38 0 0 0 0 0 0 0 0 0 0 0 0 0 0 0 0 0 0 0 0 52 0 0 0 0 0 0 0 0 0 0 0 0 0 159 164 349 78 106 22 127 141 32 87 45 0 0 0 0 0 0 0 0 542 0 0 0 48 35 0 0 0 0 0 0 0 0 0 0 0 0 0 0 7 24 13 138 0 0 0 30 16 0 0 0 0 0 187 0 46 0 0 0 0 0 0 0 0 41 0 0 0 0 0 156 0 84 34 154 0 0 0 0 0 17 0 0 0 0 0 0 16 
s177 0 0 0 282 495 0 0 0 73 176 280 320 76 87 0 0 0 0 0 0 0 0 0 0 0 0 0 0 0 0 74 0 0 0 0 0 0 0 0 0 181 394 284 104 0 0 0 0 0 0 0 0 0 0 0 0 0 171 0 348 616 0 0 0 0 0 13 178 51 54 108 0 0 0 0 0 0 0 0 0 0 0 79 0 94 46 149 38 0 0 0 0 0 0 0 0 0 0 0 130 379 0 0 0 0 0 0 150 40 59 0 0 0 46 0 697 0 0 200 0 0 0 134 157 0 0 173 0 324 0 0 0 
s178 31 0 0 221 0 0 145 40 28 141 0 0 0 0 0 0 0 0 0 0 0 0 0 0 0 0 0 0 0 0 68 0 0 0 0 0 0 0 0 0 212 277 208 119 157 117 112 150 141 121 42 95 215 0 37 0 0 0 0 0 0 0 0 0 0 0 0 137 20 0 0 69 119 161 70 631 152 0 0 0 0 172 86 0 83 87 162 72 0 0 0 0 0 0 0 0 0 0 0 153 0 0 0 0 0 0 0 0 32 0 0 0 0 0 0 0 0 0 196 0 0 132 0 0 0 0 0 188 0 0 0 0 
s179 27 0 0 281 0 0 0 27 39 128 0 0 0 0 0 0 0 0 0 0 0 0 0 0 0 0 0 0 0 0 58 0 0 0 0 0 0 0 0 0 0 0 0 0 113 123 131 171 0 0 85 122 175 154 39 0 162 233 134 0 267 96 100 0 18 202 13 138 51 0 0 77 138 95 50 279 96 0 0 0 0 61 0 0 0 99 0 0 0 0 0 0 0 0 0 0 0 0 0 86 143 0 0 0 0 0 0 92 16 0 0 0 121 0 0 0 0 0 280 0 0 116 176 111 0 121 0 192 402 0 0 0 
s180 16 0 0 100 0 0 91 40 62 49 0 0 0 0 90 27 224 186 37 0 175 334 114 0 0 0 0 0 0 0 75 0 0 0 0 0 0 0 807 0 0 0 0 0 155 140 0 112 91 47 113 106 62 177 36 0 0 0 0 0 0 0 0 666 0 0 0 58 68 0 0 0 0 0 0 0 0 0 0 0 0 0 0 4 57 44 119 0 0 0 48 27 0 0 0 0 0 320 0 79 0 0 0 0 0 0 0 0 40 0 0 33 0 0 310 0 90 31 205 0 0 0 0 0 25 0 0 0 0 0 0 27 
s181 31 0 0 178 0 0 0 43 55 54 0 0 0 0 0 0 0 0 0 0 0 0 0 0 0 0 0 0 0 0 66 0 0 0 0 0 0 0 0 0 164 129 452 292 192 165 554 99 0 52 116 247 69 128 40 0 0 0 0 0 0 0 0 743 0 0 0 62 29 0 0 0 0 0 0 0 0 0 0 0 0 0 83 9 0 40 0 25 0 0 30 41 0 0 0 0 0 319 0 37 0 0 0 0 0 0 0 0 59 0 0 0 0 0 249 0 125 38 164 0 0 0 0 0 20 0 162 0 0 0 0 28 
s182 68 0 0 0 0 0 105 76 29 139 0 0 0 0 47 32 29 395 130 573 235 323 748 0 0 0 0 0 0 0 93 0 0 0 0 0 0 0 566 0 0 0 0 0 172 122 297 524 118 83 55 470 325 173 69 0 0 0 0 0 0 0 0 0 0 0 0 0 31 0 0 0 0 0 0 0 0 0 0 0 0 0 0 0 183 158 380 0 0 0 0 0 0 0 0 0 0 0 0 67 0 0 0 0 0 0 0 0 36 0 0 55 0 0 0 0 0 0 189 0 0 0 0 0 0 0 0 0 0 0 0 0 
s183 0 0 0 101 0 0 0 0 28 56 0 0 0 0 0 0 0 0 0 0 0 0 0 0 0 0 0 0 0 0 56 0 0 0 0 0 0 0 0 0 0 0 0 0 0 0 0 0 0 0 0 0 0 0 0 0 0 0 0 0 0 0 0 0 0 0 0 52 46 0 0 359 167 593 62 208 61 0 0 0 0 46 0 0 37 20 122 0 0 0 0 0 0 0 0 0 0 0 0 57 0 0 0 0 0 0 0 0 27 0 0 0 0 0 0 0 0 0 134 0 0 218 0 0 0 0 0 210 0 0 0 0 
s184 0 0 0 121 266 0 0 0 26 56 0 0 0 0 0 0 0 0 0 0 0 0 0 0 0 0 0 0 0 0 44 0 0 0 0 0 0 0 0 0 163 153 182 82 0 0 0 0 0 0 0 0 0 0 0 0 0 130 0 323 252 0 0 708 0 0 10 62 9 0 0 0 0 0 0 0 0 0 0 0 0 0 52 0 50 60 109 40 0 0 46 27 0 0 0 0 0 353 0 105 122 0 0 0 0 0 0 51 27 0 0 0 0 0 175 0 93 103 132 0 0 0 98 186 22 0 139 0 111 0 0 42 
s185 0 0 0 115 0 0 0 0 100 51 0 0 0 0 249 36 76 200 48 0 162 239 111 0 0 0 0 0 0 0 40 0 0 0 0 0 0 0 1200 0 94 139 215 94 0 0 0 0 0 0 0 0 0 0 0 0 0 468 0 247 604 0 0 0 0 0 11 74 32 0 0 0 0 0 0 0 0 0 0 0 0 0 83 0 0 66 0 32 0 0 0 0 0 0 0 0 0 0 0 95 204 0 0 0 0 0 0 54 110 0 0 169 0 0 0 0 0 0 120 0 0 0 58 79 0 0 103 0 316 0 0 0 
s186 67 0 0 152 0 0 101 38 31 130 0 0 0 0 0 0 0 0 0 0 0 0 0 0 0 0 0 0 0 0 55 0 0 0 0 0 0 0 0 0 0 0 0 0 124 118 208 151 0 57 62 97 90 135 36 0 0 0 0 0 0 0 0 827 0 0 0 95 28 0 0 0 0 0 0 0 0 0 0 0 0 0 0 4 66 63 168 0 0 0 55 31 103 50 104 29 182 425 232 93 0 222 77 97 49 91 16 0 26 0 117 0 0 0 301 0 93 54 144 0 24 0 0 0 18 0 0 0 0 96 0 40 
s187 0 64 0 116 0 485 0 0 80 87 280 304 132 107 0 0 0 0 0 0 0 0 0 361 222 64 193 72 92 41 67 0 0 0 0 65 0 0 0 0 0 0 0 0 0 0 0 0 0 0 0 0 0 0 0 0 0 0 0 0 0 0 0 638 0 0 0 47 50 88 18 0 0 0 0 0 0 25 184 112 0 0 0 3 36 30 158 0 103 34 41 37 0 0 0 0 0 216 0 74 0 0 0 0 0 0 0 0 51 0 0 0 0 0 212 92 128 30 224 75 0 0 0 0 22 0 0 0 0 0 0 50 
s188 0 0 0 130 216 0 0 0 32 51 0 0 0 0 0 0 0 0 0 0 0 0 0 0 0 0 0 0 0 0 47 0 0 0 0 0 0 0 0 0 0 0 0 0 0 0 0 0 0 0 0 0 0 0 0 0 0 264 0 219 392 0 0 0 0 0 15 62 33 0 0 0 0 0 0 0 0 0 0 0 0 0 0 0 107 36 514 0 0 0 0 0 0 0 0 0 0 0 0 507 210 0 0 0 0 0 0 75 31 51 0 0 0 0 0 0 0 0 150 0 0 0 115 87 0 0 0 0 281 0 0 0 
s189 63 0 0 343 0 0 185 93 61 181 0 0 0 0 147 55 45 391 186 636 379 501 285 0 0 0 0 0 0 0 85 0 0 0 0 0 0 0 887 0 227 290 415 621 346 285 285 251 193 138 88 0 252 265 150 0 0 0 0 0 0 0 0 0 0 0 0 209 67 0 0 281 0 145 97 566 152 0 0 0 0 120 96 0 77 92 241 107 0 0 0 0 0 0 0 0 0 0 0 117 0 0 0 0 0 0 0 0 56 0 0 63 0 57 0 0 0 0 221 0 0 325 0 0 0 0 364 336 0 0 0 0 
s190 0 0 0 328 0 0 0 0 61 51 0 0 0 0 240 35 114 164 35 113 199 424 134 0 0 0 0 0 0 0 77 0 0 0 0 0 0 0 0 0 0 0 0 0 0 0 0 0 0 0 0 0 0 0 0 0 0 0 0 0 0 0 0 726 0 0 0 204 61 0 0 134 0 164 242 248 120 0 0 0 0 129 0 1 73 65 209 0 0 0 50 34 0 0 0 0 0 328 0 70 0 0 0 0 0 0 0 0 38 0 0 46 0 0 156 0 654 33 469 0 0 57 0 0 22 0 0 322 0 0 0 54 
s191 0 0 0 270 0 0 0 0 46 131 0 0 0 0 0 0 0 0 0 0 0 0 0 0 0 0 0 0 0 0 0 0 0 0 0 0 0 0 0 0 0 0 0 0 0 0 0 0 0 0 0 0 0 0 0 0 122 0 57 0 0 53 132 0 36 193 0 187 22 0 0 0 0 0 0 0 0 0 0 0 0 0 0 0 0 31 0 0 0 0 0 0 0 0 0 0 0 0 0 267 0 0 0 0 0 0 0 0 34 0 0 0 128 0 0 0 0 0 198 0 0 0 0 0 0 86 0 0 0 0 0 0 
s192 0 0 41 86 237 406 0 0 29 48 0 0 0 0 0 0 0 0 0 0 0 0 0 86 145 33 0 55 60 73 56 148 195 166 52 62 187 221 0 125 0 0 0 0 0 0 0 0 0 0 0 0 0 0 0 0 0 253 0 185 208 0 0 0 0 0 33 52 91 0 0 0 0 0 0 0 0 28 60 78 145 0 0 0 19 16 124 0 53 25 0 0 0 120 266 59 406 0 0 45 299 424 120 139 0 80 89 77 22 0 119 0 0 0 0 0 0 0 141 67 43 0 55 85 0 0 0 0 186 213 122 0 
s194 0 0 0 136 0 0 0 0 45 79 0 0 0 0 114 24 75 173 40 0 248 250 245 82 107 71 0 33 136 28 70 0 0 0 0 29 0 0 494 0 0 0 0 0 0 0 0 0 0 0 0 0 0 0 0 349 129 0 67 0 0 89 132 931 23 161 0 77 31 0 0 0 0 0 0 0 0 20 70 0 49 0 0 4 147 54 145 0 51 37 38 35 0 0 0 0 0 310 0 81 0 0 0 0 0 0 0 0 25 0 0 45 54 0 220 0 86 88 162 75 0 0 0 0 10 79 0 0 0 0 0 272 
s195 43 0 0 187 0 0 0 44 76 131 0 0 0 0 111 28 33 266 87 0 248 392 257 0 0 0 0 0 0 0 80 0 0 0 0 0 0 0 649 0 0 0 0 0 163 186 270 166 0 49 129 215 156 183 82 0 0 0 0 0 0 0 0 0 0 0 0 130 59 0 0 131 203 139 61 490 101 0 0 0 0 65 0 0 0 70 0 0 0 0 0 0 0 0 0 0 0 0 0 99 0 0 0 0 0 0 0 0 36 0 0 75 0 0 0 0 0 0 156 0 0 225 0 0 0 0 0 205 0 0 0 0 
s196 0 0 0 170 0 0 0 0 26 87 0 0 0 0 97 43 15 301 84 0 158 426 181 0 0 0 0 0 0 0 82 0 0 0 0 0 0 0 338 0 0 0 0 0 0 0 0 0 0 0 0 0 0 0 0 0 0 0 0 0 0 0 0 0 0 0 0 98 15 0 0 78 65 94 40 0 116 0 0 0 0 84 0 0 0 63 0 0 0 0 0 0 0 0 0 0 0 0 0 93 0 0 0 0 0 0 0 0 26 0 0 55 0 0 0 0 0 0 169 0 0 154 0 0 0 0 0 165 0 0 0 0 
s197 0 0 0 302 0 491 0 0 77 78 0 0 0 0 112 22 32 221 42 151 213 307 94 239 0 52 1072 60 89 187 71 0 0 0 0 47 0 0 875 0 0 0 0 0 0 0 0 0 0 0 0 0 0 0 0 0 0 0 0 0 0 0 0 0 0 0 0 229 27 0 0 0 0 0 0 0 0 32 85 78 0 0 0 6 83 29 182 0 323 76 34 28 0 173 238 32 301 326 0 100 0 305 102 0 53 104 36 0 51 0 114 49 0 0 201 0 116 38 255 108 48 0 0 0 109 0 0 0 0 186 0 18 
s199 0 120 0 313 0 0 0 0 80 114 212 0 41 66 0 0 0 0 0 0 0 0 0 0 0 0 0 0 0 0 88 0 0 0 0 0 0 0 0 0 0 0 0 0 0 0 0 0 0 0 0 0 0 0 0 0 0 0 0 0 0 0 0 0 0 0 0 187 39 29 29 0 0 0 0 0 0 0 0 0 0 0 0 0 138 66 169 0 0 0 0 0 0 0 0 0 0 0 0 77 0 0 0 0 0 0 0 0 80 0 0 0 0 0 0 169 0 0 213 0 0 0 0 0 0 0 0 0 0 0 0 0 
s201 0 0 0 144 0 0 0 0 79 70 0 0 0 0 0 0 0 0 0 0 0 0 0 0 0 0 0 0 0 0 43 0 0 0 0 0 0 0 0 0 144 138 477 144 0 0 0 0 0 0 0 0 0 0 0 0 0 0 0 0 0 0 0 548 0 0 0 49 67 0 0 0 0 0 0 0 0 0 0 0 0 0 119 2 49 26 130 35 0 0 46 24 0 0 0 0 0 302 0 45 0 0 0 0 0 0 0 0 44 0 0 0 0 0 0 0 106 36 130 0 0 0 0 0 12 0 108 0 0 0 0 21 
s202 0 0 0 148 249 0 0 0 35 48 0 0 0 0 0 0 0 0 0 0 0 0 0 0 0 0 0 0 0 0 65 0 0 0 0 0 0 0 0 0 0 0 0 0 0 0 0 0 0 0 0 0 0 0 0 0 0 174 0 434 486 0 0 0 0 0 42 67 20 0 0 72 0 88 38 437 0 0 0 0 0 264 0 0 70 92 112 0 0 0 0 0 0 0 0 0 0 0 0 112 111 0 0 0 0 0 0 194 40 125 0 0 0 0 0 0 0 0 182 0 0 47 94 187 0 0 0 174 195 0 0 0 
s203 24 0 0 0 0 0 97 45 44 124 0 0 0 0 0 0 0 0 0 0 0 0 0 0 0 0 0 0 0 0 62 0 0 0 0 0 0 0 0 0 0 0 0 0 154 122 230 185 86 151 95 216 107 169 51 0 0 0 0 0 0 0 0 0 0 0 0 214 55 0 0 0 0 0 0 0 0 0 0 0 0 0 0 0 112 59 0 0 0 0 0 0 0 0 0 0 0 0 0 76 0 0 0 0 0 0 0 0 43 0 0 0 0 0 0 0 0 0 221 0 0 0 0 0 0 0 0 0 0 0 0 0 
s204 0 0 0 154 0 0 0 0 36 90 0 0 0 0 0 0 0 0 0 0 0 0 0 0 0 0 0 0 0 0 119 0 0 0 0 0 0 0 0 0 0 0 0 0 0 0 0 0 0 0 0 0 0 0 0 0 0 0 0 0 0 0 0 0 0 0 0 89 20 0 0 0 0 0 0 0 0 0 0 0 0 0 0 0 0 78 0 0 0 0 0 0 0 0 0 0 0 0 0 122 0 0 0 0 0 0 0 0 47 0 0 0 0 0 0 0 0 0 185 0 0 0 0 0 0 0 0 0 0 0 0 0 
s205 25 0 0 183 0 0 114 31 44 97 0 0 0 0 0 0 0 0 0 0 0 0 0 0 0 0 0 0 0 0 78 140 133 373 25 0 115 146 0 190 133 152 263 102 0 198 178 130 93 93 75 121 119 187 50 405 113 0 95 0 0 93 147 0 42 255 0 134 43 0 0 0 0 0 0 0 0 0 0 0 0 0 93 0 59 47 137 95 0 0 0 0 0 0 0 0 0 0 0 104 0 0 0 0 0 0 0 0 33 0 0 0 119 0 0 0 0 0 207 0 0 0 0 0 0 137 157 0 0 0 116 0 
s206 0 0 0 280 0 0 0 0 34 119 0 0 0 0 0 0 0 0 0 0 0 0 0 0 0 0 0 0 0 0 64 0 0 0 0 0 0 0 0 0 179 255 255 153 0 0 0 0 0 0 0 0 0 0 0 951 177 0 129 0 0 181 247 0 27 254 0 201 47 0 0 0 0 0 0 0 0 0 0 0 0 0 89 0 91 65 146 0 0 0 0 0 0 0 0 0 0 0 0 122 0 0 0 0 0 0 0 0 31 0 0 0 164 37 0 0 0 0 288 0 0 0 0 0 0 241 345 0 0 0 0 0 
s207 0 0 0 145 0 809 0 0 58 65 0 0 0 0 0 0 0 0 0 0 0 0 0 127 151 130 250 40 181 54 97 0 0 0 0 36 0 0 0 0 0 0 0 0 0 0 0 0 0 0 0 0 0 0 0 0 0 0 0 0 0 0 0 0 0 0 0 94 53 0 0 0 0 0 0 0 0 42 44 201 138 0 0 0 36 34 138 0 122 23 0 0 0 319 360 104 420 0 617 63 0 311 241 158 80 112 86 0 65 0 284 0 0 0 0 0 0 0 331 121 99 0 0 0 0 0 0 0 0 0 0 0 
s208 0 0 0 822 0 0 0 0 48 213 0 0 0 0 0 0 0 0 0 0 0 0 0 0 0 0 0 0 0 0 143 0 0 0 0 0 0 0 0 0 0 0 0 0 0 0 0 0 0 0 0 0 0 0 0 842 184 0 188 0 0 142 190 0 99 240 0 606 42 0 0 0 0 0 0 0 0 0 0 0 0 0 0 0 192 136 292 0 0 0 0 0 0 0 0 0 0 0 0 121 0 0 0 0 0 0 0 0 57 0 0 0 158 0 0 0 0 0 245 0 0 0 0 0 0 126 0 0 0 0 0 0 
s209 19 0 0 69 0 729 132 29 39 25 0 0 0 0 0 0 0 0 0 0 0 0 0 113 202 53 248 28 61 64 58 0 0 0 0 119 0 0 0 0 0 0 0 0 149 271 400 95 0 43 195 99 35 136 64 0 0 0 0 0 0 0 0 0 0 0 0 39 92 0 0 0 0 0 0 0 0 35 62 170 0 0 0 0 13 12 100 0 88 19 0 0 0 174 950 146 638 0 954 34 0 761 294 210 103 118 388 0 22 0 209 0 0 0 0 0 0 0 229 129 102 0 0 0 0 0 0 0 0 516 0 0 
s210 0 78 0 243 0 0 0 0 36 186 233 163 66 0 187 34 90 412 124 0 282 652 309 0 0 0 0 0 0 0 57 0 0 0 0 0 0 0 393 0 0 0 0 0 0 0 0 0 0 0 0 0 0 0 0 0 0 0 0 0 0 0 0 0 0 0 0 152 16 78 24 196 115 117 99 418 108 0 0 0 0 92 0 0 0 46 0 0 0 0 0 0 0 0 0 0 0 0 0 128 0 0 0 0 0 0 0 0 53 0 0 39 0 0 0 184 0 0 179 0 0 197 0 0 0 0 0 140 0 0 0 0 
s211 0 96 0 115 0 0 0 0 85 134 375 0 321 129 0 0 0 0 0 0 0 0 0 0 0 0 0 0 0 0 48 223 283 358 44 0 218 239 0 203 0 0 0 0 0 0 0 0 0 0 0 0 0 0 0 0 0 0 0 0 0 0 0 0 0 0 0 69 75 339 15 0 0 0 0 0 0 0 0 0 0 0 0 0 45 37 119 0 0 0 0 0 0 0 0 0 0 0 0 77 0 0 0 0 0 0 0 0 20 0 0 0 0 0 0 187 0 0 272 0 0 0 0 0 0 0 0 0 0 0 267 0 
s212 0 331 0 251 0 0 0 0 18 272 362 135 66 0 0 0 0 0 0 0 0 0 0 0 0 0 0 0 0 0 81 0 0 0 0 0 0 0 0 0 199 346 214 231 0 0 0 0 0 0 0 0 0 0 0 0 0 0 0 0 0 0 0 0 0 0 0 141 26 35 74 0 0 0 0 0 0 0 0 0 0 0 97 0 0 79 0 81 0 0 0 0 0 0 0 0 0 0 0 169 0 0 0 0 0 0 0 0 21 0 0 0 0 0 0 0 0 0 226 0 0 0 0 0 0 0 223 0 0 0 0 0 
s213 0 0 0 113 0 0 0 0 50 45 0 0 0 0 0 0 0 0 0 0 0 0 0 65 294 25 229 30 106 58 42 0 0 0 0 27 0 0 0 0 0 0 0 0 0 0 0 0 0 0 0 0 0 0 0 0 0 0 0 0 0 0 0 0 0 0 0 62 38 0 0 0 0 0 0 0 0 28 118 80 0 0 0 0 0 27 0 0 72 20 0 0 0 73 224 74 315 0 0 70 0 419 105 115 48 95 53 0 36 0 124 0 0 0 0 0 0 0 220 84 56 0 0 0 0 0 0 0 0 241 0 0 
s214 0 0 26 78 0 0 0 0 24 42 0 0 0 0 0 0 0 0 0 0 0 0 0 0 0 0 0 0 0 0 58 141 117 142 19 0 139 190 0 90 0 0 0 0 0 0 0 0 0 0 0 0 0 0 0 534 134 0 120 0 0 67 72 0 36 126 0 31 76 0 0 102 0 127 138 118 321 0 0 0 0 248 0 0 55 59 173 0 0 0 0 0 0 0 0 0 0 0 0 197 0 0 0 0 0 0 0 0 41 0 0 0 97 0 0 0 0 0 227 0 0 104 0 0 0 75 0 158 0 0 207 0 
s-float-1 0 0 26 49 0 648 0 0 25 26 0 0 0 0 0 0 0 0 0 0 0 0 0 99 192 43 193 49 70 45 72 334 161 202 32 163 251 291 0 133 183 72 0 87 0 0 0 0 0 0 0 0 0 0 0 0 0 0 0 0 0 0 0 0 0 0 0 21 110 0 0 0 0 0 0 0 0 41 63 158 127 0 71 0 23 21 78 24 111 12 0 0 0 130 996 140 704 0 804 63 0 1017 319 193 80 91 431 0 17 0 116 0 0 206 0 0 0 0 329 108 98 0 0 0 0 0 102 0 0 573 246 0 
s-float-2 35 0 0 59 0 486 0 56 60 91 0 0 0 0 0 0 0 0 0 0 0 0 0 118 157 101 196 58 151 29 69 0 0 0 0 36 0 0 0 0 0 0 0 0 142 130 192 70 0 18 123 108 118 174 37 0 0 0 0 0 0 0 0 0 0 0 0 34 63 0 0 109 227 147 125 191 37 48 37 99 119 47 0 0 0 14 0 0 146 31 0 0 0 0 0 0 0 0 0 72 0 0 0 0 0 0 0 0 14 0 0 0 0 0 0 0 0 0 458 107 0 129 0 0 0 0 0 215 0 0 0 0 
s-float-4 0 0 0 115 0 0 0 0 55 47 0 0 0 0 0 0 0 0 0 0 0 0 0 0 0 0 0 0 0 0 57 86 0 143 0 0 127 250 0 76 0 0 0 0 0 0 0 0 0 0 0 0 0 0 0 0 0 432 0 271 386 0 0 596 0 0 27 64 55 0 0 0 0 0 0 0 0 0 0 0 0 0 0 1 0 13 0 0 0 0 23 11 0 0 0 0 0 233 0 57 221 0 0 0 0 0 0 67 39 0 0 0 0 0 145 0 112 43 202 0 0 0 69 53 21 0 0 0 214 0 0 19 
s-float-9 0 0 0 188 314 0 0 0 24 108 0 0 0 0 106 42 21 335 24 0 169 435 128 0 0 0 0 0 0 0 78 0 0 0 0 0 0 0 324 0 0 0 0 0 0 0 0 0 0 0 0 0 0 0 0 0 0 240 0 624 407 0 0 0 0 0 10 125 33 0 0 77 98 112 49 629 201 0 0 0 0 114 0 0 101 126 109 0 0 0 0 0 0 0 0 0 0 0 0 143 145 0 0 0 0 0 0 109 35 0 0 30 0 0 0 0 0 0 238 0 0 106 147 333 0 0 0 186 189 0 0 0;
